#LBA time[ms], KF opt[#], KF fixed[#], MP[#], Edges[#]
4.009921,2,2,245,659
8.730318,3,2,306,904
8.273295,4,2,370,1209
6.382591,2,2,339,905
8.047322,3,2,220,724
4.656874,4,2,240,821
9.384779,5,2,397,1385
15.396846,6,2,422,1699
11.201582,7,2,419,1934
15.372656,8,2,552,2583
22.405010,9,2,583,2829
17.488751,9,2,640,3098
18.394314,10,2,632,3337
31.378271,11,2,685,3704
24.009211,12,2,778,4185
28.344214,13,2,821,4573
29.765720,14,2,844,4951
35.563609,15,2,893,5413
37.317211,16,2,912,5744
38.696929,17,2,949,6133
45.124806,18,2,986,6587
44.598838,19,2,1016,7012
50.854393,20,2,1022,7371
50.147357,21,2,1038,7756
55.771152,22,2,1050,8104
53.712586,22,2,1045,8090
56.788904,22,2,1051,8085
58.934915,23,2,1080,8505
67.556501,23,2,1086,8574
57.850404,23,2,1118,8668
62.773059,23,2,1126,8675
61.042496,23,2,1111,8613
62.532449,22,2,1104,8200
59.145753,23,2,1131,8575
61.504489,23,2,1146,8595
9.029853,2,2,342,935
14.977025,3,2,516,1712
25.095024,4,2,588,2284
18.330006,5,2,618,2740
18.186110,6,2,579,2836
27.567997,7,2,566,2857
21.431621,8,2,595,2973
22.429485,9,2,649,3236
24.197589,9,2,746,3662
28.946487,10,2,765,4110
29.572938,11,2,865,4761
35.352558,12,2,933,5345
32.073015,13,2,952,5758
39.608439,14,2,957,6077
39.112412,15,2,957,6320
40.116856,16,2,971,6521
41.623701,17,2,1011,6781
48.130152,18,2,1046,7041
50.744027,19,2,1098,7396
49.656244,20,2,1132,7709
48.944799,20,2,1138,7615
60.308378,21,2,1220,8151
56.607084,22,2,1242,8607
67.118544,23,2,1285,9104
73.526911,24,2,1305,9535
67.847883,24,2,1288,9462
64.498734,24,2,1305,9460
68.979995,24,2,1301,9364
76.152417,25,2,1312,9646
70.793346,25,3,1352,10032
69.234035,25,3,1327,9977
79.334994,25,4,1374,10343
72.771479,25,5,1424,10796
76.923372,25,6,1433,11013
78.565035,25,7,1441,11229
74.211005,25,8,1447,11389
77.642778,25,9,1454,11571
74.310801,25,10,1468,11804
77.347149,25,10,1469,11702
78.744590,25,11,1482,11967
76.593933,25,12,1519,12290
78.361474,25,12,1505,12113
73.117477,25,12,1502,11943
75.961132,25,12,1497,11746
73.301232,25,13,1502,11956
72.254595,25,13,1505,11860
74.316468,25,14,1488,11993
75.845876,25,15,1473,12158
77.243309,25,16,1482,12371
49.411879,10,32,1182,10677
73.370103,25,17,1507,12426
78.206435,25,18,1490,12568
72.519298,25,17,1490,12208
72.887505,25,18,1487,12432
73.289444,25,19,1507,12704
74.183957,25,19,1531,12787
73.579916,25,19,1528,12727
78.956573,25,20,1511,12810
72.716091,25,20,1503,12711
73.745409,25,21,1524,12942
75.767924,25,22,1517,13112
80.134893,25,23,1524,13319
77.328361,25,24,1556,13717
82.369899,25,24,1577,13771
80.029938,25,25,1569,14000
80.493783,25,25,1574,14026
78.897906,25,25,1559,13913
80.110096,25,25,1569,13959
81.283011,25,26,1545,14133
85.215973,25,26,1563,14196
81.147067,25,26,1541,13981
80.084413,25,26,1504,13897
80.616051,25,26,1513,13787
80.530321,25,25,1481,13226
76.658612,25,26,1495,13352
79.774296,25,26,1499,13169
80.995717,25,27,1497,13139
75.174922,25,27,1522,13054
74.530322,25,28,1502,13035
76.487607,25,29,1445,12794
72.588068,25,29,1457,12685
71.610462,25,30,1426,12680
76.803039,25,31,1393,12680
74.827548,25,32,1373,12758
73.839994,25,32,1370,12741
80.777374,25,33,1347,12801
76.617947,25,32,1371,12743
75.973033,25,32,1369,12729
72.021068,25,32,1364,12732
72.430973,25,32,1362,12713
76.240074,25,32,1354,12680
73.260335,25,32,1359,12695
73.895809,25,32,1355,12692
72.054434,25,32,1353,12690
72.606079,25,31,1364,12630
95.047179,25,31,1349,12560
82.085522,25,31,1339,12520
74.973378,25,31,1342,12525
71.780879,25,31,1342,12530
84.980517,25,32,1322,12593
71.837872,25,32,1326,12606
74.799834,25,32,1320,12602
71.603798,25,32,1313,12562
71.711259,25,32,1321,12604
95.168023,25,33,1294,12614
78.766207,25,32,1304,12518
71.496026,25,32,1305,12495
81.336374,25,32,1313,12542
71.956605,25,32,1312,12549
77.616939,25,32,1307,12493
84.957152,25,32,1309,12502
70.872416,25,32,1303,12489
80.760950,25,32,1302,12464
70.774838,25,32,1303,12481
73.326638,25,33,1279,12504
72.424118,25,33,1274,12465
70.887774,25,33,1275,12478
71.497951,25,33,1272,12453
71.103126,25,33,1275,12467
70.861899,25,33,1276,12479
74.567868,25,34,1251,12501
70.708638,25,34,1250,12490
74.823398,25,34,1252,12483
75.425708,25,34,1254,12506
71.229256,25,34,1255,12494
71.771343,25,34,1254,12514
72.252744,25,34,1252,12479
72.687531,25,34,1255,12480
72.100016,25,35,1232,12503
70.411746,25,35,1233,12501
77.822106,25,35,1235,12516
71.448394,25,35,1234,12517
83.150101,25,35,1238,12563
72.136258,25,35,1238,12544
76.656338,25,35,1237,12549
75.686769,25,35,1234,12544
71.417645,25,35,1234,12550
79.068627,25,36,1202,12490
70.277202,25,36,1198,12458
74.054357,25,36,1205,12499
94.893023,25,36,1210,12504
71.468506,25,36,1205,12475
74.885515,25,36,1206,12470
71.684215,25,36,1205,12482
71.529024,25,36,1204,12434
76.929815,25,37,1217,12591
75.642858,25,37,1241,12651
77.234802,25,37,1277,12765
23.599908,10,52,429,4206
77.356067,25,38,1309,12908
79.125436,25,39,1314,12952
74.453384,25,40,1263,12783
81.121105,25,40,1260,12779
73.901734,25,41,1184,12104
71.144608,25,41,1122,11458
70.133672,25,40,1138,11619
81.105561,25,41,1163,11944
75.923598,25,42,1098,11681
70.731372,25,42,1086,11446
74.765683,25,42,1090,11386
72.986694,25,43,1087,11597
79.840108,25,44,1115,11896
79.436196,25,44,1114,11853
78.185409,25,45,1160,12164
79.680932,25,46,1226,12691
85.137378,25,47,1266,13372
82.244902,25,47,1244,13396
88.379037,25,46,1273,13174
87.047872,25,46,1291,13413
83.753571,25,47,1303,13732
93.224999,25,48,1344,14165
88.595968,25,49,1394,14638
90.398313,25,50,1403,14927
90.060471,25,50,1414,14977
96.402945,25,50,1417,14770
97.693033,25,51,1414,14618
94.615180,25,51,1432,14490
94.318654,25,52,1432,14577
91.703600,25,53,1415,14492
95.156021,25,54,1434,14478
88.993466,25,55,1445,14577
94.949269,25,56,1470,14669
97.354027,25,57,1501,14893
95.986383,25,58,1452,14386
87.872733,25,58,1455,14187
86.837234,25,58,1456,14166
84.105877,25,59,1379,13230
83.594905,25,60,1333,12651
86.195357,25,61,1378,13095
89.104771,25,61,1425,13376
85.673074,25,61,1432,13423
87.888321,25,62,1462,13803
91.815224,25,63,1459,13979
88.558806,25,63,1468,13933
90.545424,25,64,1469,14076
92.865839,25,64,1480,14063
95.235695,25,65,1465,14041
95.008609,25,65,1503,14102
95.256107,25,66,1445,13471
91.176992,25,67,1459,13710
92.912521,25,67,1485,13650
93.132667,25,68,1480,13623
95.344549,25,68,1451,13458
91.117317,25,69,1417,13070
89.872163,25,69,1441,13012
89.563933,25,68,1438,12794
91.382864,25,70,1433,12684
89.603597,25,67,1462,12696
89.637323,25,63,1449,12552
91.111498,25,60,1455,12608
92.178745,25,62,1485,12959
93.451071,25,63,1532,13370
103.933199,25,62,1519,13605
101.262974,25,63,1519,13806
96.429144,25,62,1545,14068
97.578058,25,63,1578,14457
105.193666,25,63,1590,14778
99.450861,25,63,1602,14675
106.402822,25,65,1603,14969
99.070608,25,65,1610,14896
103.954226,25,65,1614,15020
104.931427,25,66,1611,15105
101.574128,25,67,1608,15205
102.416862,25,68,1619,15469
112.412986,25,67,1571,15105
101.328647,25,67,1578,15203
108.829215,25,68,1619,15181
101.961580,25,67,1645,15137
101.216586,25,66,1607,15125
100.147669,25,67,1575,15026
103.134478,25,68,1588,14998
99.336791,25,69,1578,14878
100.229634,25,69,1613,14889
106.507402,25,69,1579,14701
103.970969,25,69,1579,14777
101.449007,25,70,1554,14756
110.348196,25,70,1578,14756
101.329752,25,70,1557,14819
109.384518,25,71,1516,14855
101.215380,25,71,1561,14955
107.263196,25,71,1518,14789
99.658955,25,72,1475,14739
107.849437,25,71,1480,14676
103.713127,25,72,1472,14836
102.500262,25,71,1508,14961
110.315502,25,70,1509,14986
103.799880,25,71,1514,14996
104.736838,25,69,1543,15338
110.007868,25,68,1510,15215
107.777580,25,67,1536,15201
107.465727,25,68,1510,15179
104.922120,25,67,1508,15106
110.494291,25,64,1466,15018
103.374748,25,65,1483,14917
103.701486,25,65,1490,15095
103.029155,25,64,1517,15081
102.745967,25,63,1481,15095
104.820047,25,63,1527,15210
106.797511,25,64,1525,15240
104.905469,25,65,1532,15378
103.995414,25,64,1522,15241
103.093049,25,65,1527,15044
103.998278,25,63,1526,14978
100.553052,25,63,1494,14631
99.361549,25,61,1490,14624
100.132187,25,61,1535,14699
101.561521,25,62,1551,14924
101.324031,25,62,1589,14936
101.750903,25,61,1617,14842
100.519189,25,61,1623,14938
103.940827,25,62,1596,14962
100.460205,25,63,1600,15127
99.963121,25,62,1626,15006
100.320961,25,63,1701,15439
102.733628,25,65,1730,15596
104.500032,25,64,1756,15900
106.351387,25,66,1771,16022
104.791440,25,64,1742,15910
104.411126,25,64,1700,15690
115.431279,25,65,1695,15923
108.260162,25,66,1685,15984
115.791542,25,66,1716,15963
107.077692,25,67,1700,15884
113.711961,25,68,1714,16034
108.821933,25,69,1692,15954
106.811386,25,69,1714,15935
112.292238,25,70,1691,15730
105.004619,25,70,1705,15661
103.140784,25,71,1631,15146
100.087778,25,72,1610,14904
102.119820,25,73,1634,14829
103.244945,25,74,1665,15153
108.297426,25,75,1661,15074
111.004321,25,75,1714,15215
103.822506,25,76,1712,15317
115.521314,25,77,1715,15500
107.172347,25,78,1743,15412
114.512891,25,78,1700,15166
114.093329,25,78,1679,14960
99.895002,25,79,1636,14699
100.976932,25,80,1575,14067
97.721890,25,80,1590,13938
97.821414,25,81,1595,13990
104.512521,25,82,1602,14079
99.068299,25,82,1625,13959
98.429259,25,83,1603,13751
96.068729,25,81,1699,13697
101.190293,25,82,1701,13563
93.563291,25,83,1724,13696
95.585740,25,80,1697,13211
97.341833,25,78,1665,13146
90.223536,25,77,1668,13298
91.625616,25,74,1679,13412
97.520116,25,74,1698,13335
90.697079,25,66,1696,13188
86.209035,25,44,1581,12183
86.548732,25,38,1537,11800
87.687427,25,36,1534,11887
87.037266,25,36,1580,11870
80.814475,25,35,1578,11986
81.654419,25,36,1560,11934
80.510838,25,37,1554,11912
92.187818,25,37,1544,11883
83.492925,25,37,1545,11723
75.240839,25,28,1469,10974
82.638309,25,24,1438,10812
74.189978,25,23,1418,10688
81.691682,25,24,1410,10750
75.918242,25,25,1383,10662
73.154073,25,26,1354,10512
73.106520,25,25,1337,10280
76.016684,25,24,1298,10079
81.194646,25,25,1319,10115
70.240457,25,24,1320,10130
72.668242,25,24,1280,9944
78.476443,25,24,1282,10004
72.607854,25,25,1321,10300
74.905379,25,26,1343,10535
73.223185,25,27,1322,10466
74.496769,25,28,1308,10500
73.108466,25,29,1302,10474
77.360762,25,29,1324,10465
78.421897,25,29,1346,10496
79.037204,25,26,1325,10517
74.110002,25,26,1300,10609
78.752539,25,26,1301,10622
74.279939,25,27,1266,10549
76.414137,25,28,1263,10509
75.270483,25,29,1267,10651
81.427871,25,30,1296,10910
84.760541,25,29,1308,10909
79.086057,25,30,1311,11121
86.751687,25,31,1326,11406
84.331180,25,31,1340,11406
83.568879,25,32,1350,11584
86.866924,25,33,1360,11847
84.223966,25,34,1374,11832
88.494729,25,34,1397,11932
90.090855,25,35,1407,12219
116.551387,25,34,1442,11928
88.373718,25,35,1428,11860
88.772404,25,36,1480,12249
88.332255,25,38,1504,12438
90.583917,25,38,1562,12525
86.839436,25,38,1533,12271
87.755021,25,38,1536,12457
88.701068,25,39,1569,12605
90.374667,25,42,1580,13022
90.790254,25,43,1607,13347
100.692878,25,45,1640,13706
95.011002,25,45,1642,13964
95.244428,25,47,1612,13982
101.391625,25,51,1628,14343
98.083286,25,50,1639,14410
102.595310,25,52,1644,14672
107.194504,25,53,1700,15139
101.709501,25,54,1706,15569
106.031645,25,53,1736,15494
108.194155,25,54,1706,15516
105.335842,25,55,1682,15513
107.802593,25,56,1657,15568
111.623113,25,57,1688,15908
103.524662,25,57,1713,15878
106.169901,25,57,1763,15841
108.121846,25,58,1771,16116
106.826093,25,58,1788,16034
104.870387,25,58,1790,16065
102.809194,25,59,1738,15830
99.219779,25,60,1670,15478
113.173359,25,63,1665,15518
109.986389,25,64,1677,15831
111.852483,25,71,1687,16167
113.669828,25,81,1757,16702
109.827411,25,89,1770,17090
113.220204,25,98,1772,17178
112.670077,25,103,1774,17388
112.981389,25,104,1808,17539
108.844184,25,105,1760,17330
110.036731,25,111,1752,17239
111.995083,25,110,1767,17396
114.690683,25,124,1774,17753
111.914955,25,127,1740,17675
125.176189,25,126,1778,17942
116.589893,25,129,1787,18001
118.725584,25,141,1806,18665
120.210667,25,141,1817,18892
120.674019,25,142,1803,19244
135.742633,25,146,1818,19744
137.804749,25,148,1806,20132
127.665889,25,151,1819,20555
131.154886,25,154,1836,21044
132.428046,25,154,1865,21445
138.562613,25,156,1922,22249
138.236190,25,157,1972,22784
142.514150,25,156,1996,22789
140.120916,25,157,2032,22775
139.085060,25,156,2023,22615
137.545652,25,157,2007,22593
141.968733,25,157,2020,22588
142.121554,25,155,2052,22359
139.321665,25,155,2082,22351
136.003464,25,156,2060,22500
136.136334,25,156,2106,22543
133.890895,25,157,2021,22058
134.315817,25,157,2035,22170
138.423494,25,158,2070,22515
135.971269,25,159,2099,22497
137.187831,25,159,2127,22727
143.140386,25,159,2160,23004
140.855441,25,159,2124,22641
135.551358,25,157,2119,22315
136.097461,25,157,2089,22146
134.928070,25,144,1977,20771
127.368347,25,142,1941,20330
123.755613,25,133,1920,19802
135.280372,25,131,1921,19688
135.932259,25,131,1954,19731
121.905698,25,127,1925,19257
121.066454,25,117,1894,18755
122.120558,25,110,1891,18627
118.341120,25,105,1855,17951
116.902546,25,105,1881,18089
116.815084,25,102,1858,17669
114.012777,25,105,1899,17825
116.830374,25,104,1948,17903
112.042921,25,98,1888,17334
110.420844,25,81,1726,15359
112.141353,25,80,1746,15542
107.395445,25,81,1759,15819
111.202443,25,81,1764,15993
115.120678,25,85,1805,16442
109.592576,25,87,1815,16254
110.067297,25,92,1813,16440
111.901850,25,92,1781,16296
108.023326,25,91,1791,16240
108.201184,25,91,1775,16178
107.257204,25,93,1741,16105
107.947206,25,88,1723,15911
109.762529,25,88,1711,15908
109.662618,25,91,1724,16016
105.488203,25,92,1719,16118
114.275928,25,92,1722,16185
104.341785,25,94,1700,15992
110.189191,25,93,1695,15678
102.635307,25,92,1692,15527
103.921162,25,92,1681,15590
110.424545,25,93,1710,15653
101.419604,25,94,1700,15712
103.046600,25,96,1738,15870
101.798144,25,94,1734,15829
108.670267,25,95,1763,15993
103.074096,25,96,1760,16076
103.724245,25,96,1718,15804
101.488037,25,97,1712,15604
104.003259,25,97,1730,15648
97.963465,25,98,1657,15315
105.368099,25,99,1623,15250
104.898270,25,100,1621,15129
100.053250,25,101,1600,15120
106.440888,25,103,1567,15074
102.337206,25,101,1548,15283
111.142131,25,101,1570,15604
103.758717,25,102,1585,16093
108.545886,25,104,1640,16475
108.877339,25,105,1651,16826
119.422760,25,104,1696,16936
124.030000,25,104,1744,17436
114.461572,25,105,1751,17426
116.512533,25,107,1775,17894
117.238620,25,107,1785,18181
120.129977,25,108,1847,18713
123.240446,25,108,1874,19082
122.341302,25,108,1899,19594
132.385408,25,110,1900,20055
128.623514,25,111,1872,20397
132.378592,25,113,1884,20676
131.348520,25,112,1865,20822
134.835853,25,123,1832,21328
137.422869,25,131,1822,22036
158.802948,25,146,1862,23177
152.818490,25,154,1897,24472
165.017437,25,167,1921,25406
161.496092,25,193,1955,26330
162.761751,25,200,2022,27326
192.266934,25,200,2043,27811
170.757251,25,200,2056,28131
173.585113,25,200,2108,28853
174.680940,25,200,2136,29149
183.501028,25,200,2204,29689
180.038796,25,200,2267,29659
183.352936,25,200,2272,30050
179.536901,25,200,2294,30295
184.293345,25,200,2294,30651
179.074612,25,200,2324,30357
185.798511,25,200,2350,30441
180.375259,25,200,2347,30247
179.608437,25,200,2367,30091
180.458031,25,200,2365,30311
180.475442,25,200,2373,30061
182.062508,25,200,2410,30169
180.296230,25,200,2414,29739
179.808298,25,200,2343,29704
184.653290,25,200,2347,29499
182.722151,25,200,2283,29200
175.149345,25,200,2302,29300
177.281456,25,200,2246,28771
174.925356,25,200,2184,28385
174.676956,25,200,2204,28268
176.644346,25,200,2201,28073
163.093989,25,200,2165,27148
166.274845,25,200,2151,26936
164.811168,25,200,2157,26658
160.345374,25,200,2138,26643
158.837146,25,200,2071,25403
158.043972,25,200,2036,25141
152.234540,25,200,2029,25085
153.568886,25,200,2014,25099
152.998700,25,200,2011,24981
155.234713,25,200,2008,25040
150.112323,25,200,2006,24920
167.358212,25,198,2015,24844
154.543940,25,198,2008,25121
153.658568,25,199,1990,24525
155.908442,25,200,1981,24837
154.321721,25,200,1971,24865
151.266496,25,200,1943,24551
156.817650,25,200,1920,23989
152.502818,25,200,1946,24237
151.705645,25,200,1957,24543
170.979434,25,200,2004,25443
158.875577,25,200,2026,26202
161.308927,25,200,2050,26541
162.093025,25,200,2018,26813
167.965268,25,200,2010,27001
163.866398,25,200,2070,27476
170.593635,25,200,2100,28180
167.829846,25,200,2140,28555
174.785661,25,200,2202,29703
176.916861,25,200,2263,30416
182.104299,25,200,2284,30721
182.334473,25,200,2331,31190
181.516251,25,191,2327,30800
179.112790,25,188,2335,30548
182.860429,25,188,2400,31209
183.055302,25,188,2396,31554
179.542484,25,189,2392,31432
196.965265,25,189,2370,31688
190.275608,25,192,2347,31595
196.425019,25,189,2360,31416
197.602903,25,191,2329,31531
182.396540,25,193,2288,31466
193.403635,25,193,2308,31712
191.438216,25,192,2271,31606
188.601887,25,200,2341,32517
181.314845,25,200,2281,31803
193.132067,25,200,2267,31955
185.989059,25,200,2238,32244
194.569867,25,200,2232,32357
191.888335,25,200,2186,32447
186.282500,25,200,2163,32384
188.552779,25,200,2164,32326
192.727145,25,200,2130,31910
191.618379,25,200,2131,32545
191.704669,25,200,2135,32832
197.820206,25,200,2174,33155
203.604955,25,200,2191,33108
192.254247,25,200,2171,32945
190.513457,25,200,2136,32687
204.444010,25,200,2172,33196
212.836196,25,200,2176,33228
198.687742,25,200,2208,33468
196.808487,25,200,2218,33532
197.180606,25,200,2210,33908
197.648278,25,200,2220,33833
199.146206,25,200,2232,34294
203.853666,25,200,2261,34054
220.496655,25,200,2294,34193
208.421451,25,200,2274,34280
215.100153,25,200,2257,33701
206.760216,25,200,2270,33991
199.810779,25,200,2275,33834
200.001242,25,200,2325,33883
197.298099,25,200,2304,33638
205.754748,25,200,2250,32991
194.356083,25,200,2217,32826
195.116659,25,200,2228,32744
210.241354,25,200,2214,33462
193.581624,25,200,2121,31828
191.200329,25,200,2080,31268
181.975319,25,200,2038,30043
180.934410,25,200,2038,29951
181.391327,25,200,2036,29706
204.462782,25,200,2026,29761
185.213559,25,200,2014,29780
184.617634,25,200,2037,30091
182.113826,25,200,2019,30086
200.743702,25,200,2043,29913
181.271320,25,200,2042,29370
177.334396,25,200,1988,28353
177.046117,25,200,1926,27787
173.271534,25,200,1958,27812
173.198834,25,200,2007,28009
173.208215,25,200,2052,28189
172.297592,25,200,2039,28028
173.805286,25,200,2048,28308
176.030919,25,200,2074,28862
180.960205,25,200,2093,28764
184.671201,25,200,2119,29120
180.294830,25,200,2112,29296
180.775732,25,200,2108,29202
198.126462,25,200,2041,28757
184.669325,25,200,1886,27699
188.309916,25,200,1888,27757
170.824779,25,200,1879,27253
166.854825,25,200,1857,26672
168.783078,25,200,1881,26587
174.451975,25,200,1841,26683
169.585578,25,200,1812,26409
173.910947,25,200,1833,27229
177.547545,25,200,1915,28693
181.037957,25,200,1990,29316
186.482244,25,200,2039,29676
186.511375,25,200,2091,30641
192.117764,25,200,2121,31171
196.579039,25,200,2181,31645
195.001891,25,200,2256,32759
194.235952,25,200,2354,32591
208.665889,25,200,2403,33221
201.091677,25,200,2428,33491
197.990199,25,200,2453,33427
198.791594,25,200,2504,33570
203.291387,25,200,2558,33566
203.206852,25,200,2672,34595
225.453512,25,200,2736,35382
208.853899,25,200,2741,35915
214.059836,25,200,2764,36049
211.759225,25,200,2762,36432
222.310737,25,200,2802,37071
219.562100,25,200,2861,38453
228.009812,25,200,2931,39027
247.344280,25,200,2869,38993
231.235615,25,200,2788,38197
213.866782,25,200,2757,37900
214.597703,25,200,2644,36374
86.405033,10,175,1091,14432
193.500122,25,200,2425,34286
188.273369,25,200,2364,33342
175.574601,25,200,2265,31717
