#Stereo rect[ms], MP culling[ms], MP creation[ms], LBA[ms], KF culling[ms], Total[ms]
0.067919,0.021230,15.245385,0.000000,0.000000,15.335772
0.126131,0.046236,12.637949,0.000000,0.002317,12.814602
0.124905,0.014386,18.313583,0.000000,0.000000,18.453576
0.364158,0.144307,12.447639,0.000000,0.000828,12.957644
4.461648,0.452808,5.986949,4.009921,0.043545,14.955326
4.308094,0.104644,16.107339,8.730318,0.162027,29.412717
4.159394,0.081666,12.747325,8.273295,0.169902,25.432119
0.135108,0.012322,15.188546,0.000000,0.000000,15.336116
0.249114,0.103424,13.027423,0.000000,0.001200,13.382415
0.342906,0.016004,14.424558,0.000000,0.000000,14.783756
0.200564,0.104491,12.808883,0.000000,0.001001,13.115419
4.299808,0.370108,9.135811,6.382591,0.083546,20.272058
4.269077,0.168616,11.188877,8.047322,0.229359,23.903885
2.954940,0.057544,8.445129,4.656874,0.176392,16.291105
3.893922,0.058218,13.602243,9.384779,0.198016,27.137399
5.848168,0.109691,16.470951,15.396846,0.281984,38.108043
4.549431,0.096395,11.383253,11.201582,0.348648,27.579946
5.100681,0.063011,18.874915,15.372656,0.466545,39.878254
6.818439,0.125448,23.776768,22.405010,59.456103,112.582594
4.097197,0.062752,15.109790,17.488751,0.668419,37.427823
4.325565,0.080339,15.158941,18.394314,0.860333,38.820535
4.697392,0.065790,16.469447,31.378271,0.925369,53.536769
4.551645,0.048485,18.674370,24.009211,1.061919,48.346473
5.009998,0.052740,19.106516,28.344214,1.254140,53.768577
7.921370,0.093181,28.843677,29.765720,1.382829,68.007555
9.454064,0.067713,34.144749,35.563609,1.620946,80.852319
6.462021,0.069624,24.846906,37.317211,1.832902,70.530006
7.776364,0.068579,30.640001,38.696929,2.096726,79.279538
6.750441,0.063087,27.973393,45.124806,2.346900,82.259666
6.927173,0.061846,28.822996,44.598838,2.512574,82.924290
6.860574,0.062956,26.958881,50.854393,2.884896,87.622376
7.005173,0.059845,30.971078,50.147357,3.063205,91.247291
7.477135,0.048422,31.289873,55.771152,4.594014,99.181624
7.476232,0.037266,29.731046,53.712586,4.844921,95.802739
7.622618,0.031532,29.836534,56.788904,6.491975,100.772085
8.047670,0.033300,32.725777,58.934915,5.805326,105.547565
8.562486,0.037155,32.563048,67.556501,5.650405,114.370453
10.958376,0.054106,38.640594,57.850404,5.264408,112.768685
8.875367,0.048876,34.048011,62.773059,9.006187,114.752034
8.432877,0.058077,34.524967,61.042496,6.503238,110.562363
33.134976,0.091062,43.058178,62.532449,3.451440,142.269065
7.531812,0.047171,32.663575,59.145753,4.638905,104.027796
9.015765,0.056812,39.355336,61.504489,6.222363,116.155435
0.234786,0.013385,13.084150,0.000000,0.000000,13.332455
0.134250,0.073660,12.955337,0.000000,0.000748,13.164404
3.863388,0.214483,10.940609,9.029853,0.129043,24.177628
4.673015,0.133356,15.759239,14.977025,0.237867,35.780814
6.377010,0.147416,15.261449,25.095024,0.320284,47.201454
5.121635,0.135078,12.386300,18.330006,0.369380,36.342772
4.730376,0.116969,11.114264,18.186110,0.672291,34.820254
7.373902,0.102899,21.320833,27.567997,0.988318,57.354329
6.540307,0.072641,19.596868,21.431621,0.869515,48.511276
5.934963,0.045513,17.657629,22.429485,42.805991,88.874522
6.270724,0.057114,24.986057,24.197589,0.899836,56.412212
14.850708,0.179927,31.296685,28.946487,1.198551,76.473140
6.998572,0.067734,22.385116,29.572938,1.246995,60.272201
6.716760,0.097098,23.731866,35.352558,1.449126,67.348199
9.255402,0.120739,27.260844,32.073015,1.794384,70.505102
6.724480,0.094870,23.657909,39.608439,1.922644,72.009031
6.868649,0.077380,24.050994,39.112412,2.159552,72.269689
7.865377,0.069627,31.829919,40.116856,2.330558,82.213061
5.864524,0.053340,25.365356,41.623701,2.464905,75.372644
5.767616,0.053503,26.110226,48.130152,2.516615,82.578900
6.034328,0.053201,28.144146,50.744027,2.722221,87.698600
6.160186,0.054639,28.063440,49.656244,5.297052,89.232907
7.972476,0.065369,33.655542,48.944799,2.751109,93.390103
7.765921,0.048496,35.110955,60.308378,3.138564,106.372902
9.178122,0.084050,37.597176,56.607084,3.533396,107.000525
9.799336,0.066798,44.231056,67.118544,4.615194,125.832308
10.372247,0.089990,46.498866,73.526911,7.423992,137.913497
9.925556,0.091754,44.750254,67.847883,5.479532,128.095873
9.402935,0.088417,40.211149,64.498734,8.741472,122.943353
12.216022,0.101835,46.739626,68.979995,7.232531,350.700254
12.392985,0.144979,38.701981,76.152417,4.718594,132.112814
10.837146,0.070920,42.225000,70.793346,10.554635,134.482120
11.588661,0.124029,42.116859,69.234035,4.676806,127.741663
7.917266,0.062729,37.291198,79.334994,5.217096,129.824802
7.888386,0.064788,38.502606,72.771479,5.241029,124.469903
7.371053,0.073102,40.359587,76.923372,5.421926,130.150145
6.820615,0.067093,42.362634,78.565035,5.640379,133.457116
6.885137,0.068023,37.606866,74.211005,5.946489,124.718937
7.009818,0.057288,42.422060,77.642778,6.041109,133.174473
6.906820,0.055617,38.647537,74.310801,8.706168,128.627780
7.070845,0.058941,42.243043,77.347149,6.005654,132.726908
7.556876,0.057525,43.966398,78.744590,5.983306,136.310060
8.488189,0.059322,43.960347,76.593933,7.969097,137.071829
8.903723,0.064430,45.672200,78.361474,7.289748,140.292465
8.764057,0.074955,45.421040,73.117477,7.512714,134.891255
8.700904,0.060250,47.238119,75.961132,5.760116,137.721891
8.788901,0.065657,43.517928,73.301232,8.566986,134.241895
8.895191,0.063929,44.184816,72.254595,6.159980,131.559932
11.540070,0.080592,46.192561,74.316468,6.304737,138.435363
8.361818,0.065756,40.494592,75.845876,6.539486,131.308714
8.878949,0.065547,47.029973,77.243309,6.802582,140.022068
8.557462,0.058798,49.992262,49.411879,9.486625,117.507804
8.459799,0.067867,50.575501,73.370103,7.427567,139.902307
9.190544,0.075438,52.886972,78.206435,10.625442,150.985759
8.094797,0.074346,45.917208,72.519298,6.821889,133.429351
9.313885,0.066535,47.696914,72.887505,7.068125,137.034591
9.633498,0.057055,50.684074,73.289444,11.419097,145.084025
9.972080,0.067873,52.477912,74.183957,10.004244,146.706879
9.066294,0.084653,50.683533,73.579916,8.567223,141.982867
8.992258,0.079565,46.885789,78.956573,10.115460,145.030812
9.526349,0.073307,49.069764,72.716091,7.947102,139.334492
13.778961,0.085763,52.932735,73.745409,8.264172,148.808736
8.979479,0.067991,46.910974,75.767924,9.631830,141.359874
13.219685,0.088795,60.557909,80.134893,12.545989,166.548246
11.479601,0.109124,56.882251,77.328361,12.112126,157.912532
11.718344,0.063863,64.368051,82.369899,9.237187,167.759033
11.843488,0.077586,63.913746,80.029938,10.678725,166.544238
10.385073,0.078949,60.423708,80.493783,12.271832,163.654496
9.725030,0.070740,54.531848,78.897906,12.991097,156.217782
9.883683,0.065504,54.297924,80.110096,9.316247,153.674469
11.134282,0.065534,56.709096,81.283011,11.388281,160.581156
11.242274,0.060977,63.966831,85.215973,13.089193,173.576933
11.160844,0.067164,61.204930,81.147067,12.255552,165.836516
13.792960,0.102257,59.738483,80.084413,11.977484,165.696364
12.445423,0.067031,57.452061,80.616051,12.819075,163.400852
8.405724,0.066083,54.276212,80.530321,9.904447,153.184342
7.633389,0.049300,46.777448,76.658612,10.999512,142.119615
6.475859,0.053079,46.832197,79.774296,8.765416,141.902714
6.217775,0.049002,46.913615,80.995717,10.781365,144.958471
5.217235,0.055446,40.150803,75.174922,8.642086,129.241975
5.367544,0.050034,39.948958,74.530322,9.193604,129.091770
5.467119,0.051258,41.136850,76.487607,10.968875,134.112698
7.126339,0.044374,44.042903,72.588068,8.974963,132.777414
8.652034,0.049281,51.437251,71.610462,9.091267,140.841363
6.786380,0.033103,47.922845,76.803039,10.197487,141.744376
7.157708,0.026360,43.295890,74.827548,12.520291,137.830284
8.857707,0.019561,48.617037,73.839994,9.066973,140.402833
10.481851,0.008355,53.527934,80.777374,21.062743,165.859633
6.619433,0.011405,39.970926,76.617947,12.074040,135.294860
6.099577,0.014727,43.126160,75.973033,18.781467,143.996266
9.244807,0.015623,51.302149,72.021068,12.572940,145.160273
7.558086,0.010512,42.370814,72.430973,14.260663,136.631890
7.058080,0.011169,46.090775,76.240074,20.258853,149.660107
29.039353,0.028053,55.781460,73.260335,18.178634,176.289008
8.362240,0.014999,46.758218,73.895809,20.100758,149.133252
8.284492,0.012623,46.738644,72.054434,31.228447,158.320420
15.523939,0.016655,47.591797,72.606079,13.824804,149.564205
15.651286,0.014881,50.681974,95.047179,15.521425,176.918206
7.417921,0.009363,48.874566,82.085522,19.466516,157.855979
7.329288,0.007168,46.325173,74.973378,19.741337,148.377305
7.892628,0.008206,42.772209,71.780879,10.655496,133.110662
6.868384,0.008126,39.679668,84.980517,13.383888,144.921485
7.732131,0.010373,41.052820,71.837872,15.660493,136.294435
9.030820,0.011462,47.913810,74.799834,16.972905,148.729768
8.176252,0.008651,43.211390,71.603798,18.951336,141.952192
8.612219,0.009319,48.502031,71.711259,9.379748,138.215383
6.980342,0.005416,38.055827,95.168023,26.013050,166.223736
6.337110,0.003573,40.770062,78.766207,15.195095,141.072853
6.368924,0.002958,34.063299,71.496026,16.291238,128.223493
6.392469,0.003656,35.960182,81.336374,16.838916,140.532660
6.455991,0.009817,38.437944,71.956605,17.668317,134.529748
6.161641,0.004239,35.744532,77.616939,18.379877,137.908249
8.245653,0.008053,37.083873,84.957152,18.949187,149.244918
7.546390,0.009674,43.712736,70.872416,20.107147,142.249637
6.821292,0.004862,41.718963,80.760950,24.878347,154.185143
7.610365,0.008164,41.450478,70.774838,9.049994,128.894803
8.970869,0.006759,49.141605,73.326638,12.966610,144.413607
8.811540,0.007320,44.257847,72.424118,14.904682,140.406646
7.872337,0.005763,37.143198,70.887774,16.687701,132.597543
9.445435,0.005879,44.231733,71.497951,17.975541,143.157527
7.956622,0.005687,37.310874,71.103126,19.965069,136.342128
8.003491,0.003527,37.389037,70.861899,9.588930,125.847798
11.666280,0.011468,50.851849,74.567868,16.842471,153.940664
8.296963,0.003546,36.098556,70.708638,13.861869,128.970667
8.186027,0.002352,42.071897,74.823398,15.357168,140.441988
8.560436,0.002773,43.696105,75.425708,17.103617,144.789527
9.112878,0.006184,40.760640,71.229256,17.125911,138.235799
8.761825,0.007773,42.397796,71.771343,18.932670,141.872266
7.800864,0.005356,36.550451,72.252744,21.184726,137.794896
6.644431,0.005669,33.415014,72.687531,9.674824,122.428599
10.592779,0.013643,42.104206,72.100016,12.610977,137.423159
8.278105,0.004094,34.304320,70.411746,13.016017,126.015145
9.809094,0.003485,44.569720,77.822106,16.922106,149.127232
7.926425,0.008893,35.127291,71.448394,15.234880,129.746910
7.081398,0.002821,34.303743,83.150101,16.235814,140.775053
8.625405,0.006781,40.312461,72.136258,17.281919,138.363933
8.779488,0.003883,40.839772,76.656338,19.728458,146.008982
8.932563,0.003555,39.942636,75.686769,23.853510,148.420398
31.205120,0.004592,47.491984,71.417645,9.953910,160.074209
7.260203,0.005139,34.404902,79.068627,14.040966,134.780805
10.029663,0.006492,40.802046,70.277202,15.755316,136.871738
9.284574,0.002570,39.572432,74.054357,16.692489,139.607327
7.211452,0.005160,32.123561,94.893023,18.742604,152.976775
7.542589,0.009351,34.443892,71.468506,19.312402,132.778075
10.238670,0.003942,41.903803,74.885515,25.236219,152.269256
10.630985,0.004676,46.477662,71.684215,22.861933,151.660576
7.010497,0.006053,31.819537,71.529024,10.059101,120.425319
11.265868,0.004696,50.010107,76.929815,16.219466,154.430904
7.045765,0.029777,40.903244,75.642858,13.629062,137.251654
6.788169,0.023494,40.381766,77.234802,14.316433,138.745644
5.658263,0.044372,43.621094,23.599908,9.375047,82.299682
6.420303,0.046424,43.214374,77.356067,10.128592,137.166760
7.446398,0.052431,48.349857,79.125436,11.263121,146.238303
9.036704,0.064091,50.300738,74.453384,13.991331,147.847181
9.829387,0.059217,57.119984,81.121105,11.412928,159.543868
11.240049,0.055116,58.149383,73.901734,14.949929,158.296936
10.599346,0.044328,52.907072,71.144608,21.091176,155.787244
9.645758,0.071836,58.230908,70.133672,11.306874,149.390056
9.293640,0.039606,60.271877,81.105561,12.176283,162.887718
8.157867,0.067120,57.935507,75.923598,19.208462,161.293527
8.369933,0.054569,50.989603,70.731372,17.266024,147.412347
8.593572,0.032675,48.482145,74.765683,12.049197,143.924195
10.923591,0.056799,52.864563,72.986694,12.368690,149.201568
11.959868,0.046832,55.466596,79.840108,14.987731,162.302345
10.252744,0.040100,62.596036,79.436196,13.065910,165.392114
11.681569,0.046287,61.540866,78.185409,12.430060,163.885109
34.135172,0.101599,68.486773,79.680932,13.009304,195.414750
12.103958,0.080482,72.425178,85.137378,19.295143,952.728437
16.828656,0.072813,60.546032,82.244902,19.241155,178.934341
9.352745,0.059622,62.679488,88.379037,19.935348,180.406943
9.290960,0.069912,40.602988,87.047872,13.934726,150.947546
10.065790,0.040406,41.546716,83.753571,13.620496,149.028127
9.777887,0.050899,57.148117,93.224999,15.742310,175.945581
9.968415,0.054770,48.411723,88.595968,16.432755,163.464650
11.477259,0.073205,43.347622,90.398313,19.273107,164.570875
8.760947,0.057142,55.251637,90.060471,18.747687,172.878859
7.442009,0.054332,36.150397,96.402945,18.548961,158.599452
7.226504,0.048502,52.194241,97.693033,17.694087,174.857901
5.776118,0.044992,32.917568,94.615180,19.098105,152.452977
5.316134,0.038769,39.451869,94.318654,18.631472,157.757546
5.202224,0.051829,31.384523,91.703600,14.089117,142.432171
4.728497,0.027586,27.402259,95.156021,13.725490,141.040642
4.951365,0.037129,29.146258,88.993466,16.737078,139.866407
5.451783,0.040480,32.483354,94.949269,20.629455,153.555155
5.989780,0.039659,34.550004,97.354027,22.235661,160.170168
6.591453,0.060186,36.783830,95.986383,20.808551,160.231573
8.495181,0.063607,38.669363,87.872733,21.985646,157.087479
7.068179,0.059505,38.263921,86.837234,16.361565,148.591325
7.624432,0.043556,39.806600,84.105877,15.751657,147.332903
8.429672,0.064123,42.511010,83.594905,17.915187,152.515605
8.334504,0.051904,41.445984,86.195357,20.514623,156.543370
9.757880,0.066077,43.552621,89.104771,20.283179,162.765869
8.084440,0.062603,41.094875,85.673074,17.107312,152.023015
8.306342,0.043233,42.841416,87.888321,17.130255,156.210497
10.111988,0.072009,40.016806,91.815224,18.307699,160.324704
8.982550,0.059303,39.769100,88.558806,18.439501,155.810367
8.910878,0.041208,37.087412,90.545424,21.406687,157.992372
10.660474,0.071198,36.971913,92.865839,15.872404,156.443209
9.399425,0.061992,39.251368,95.235695,20.055211,164.004684
11.027265,0.075029,41.249945,95.008609,16.333410,163.695392
9.006483,0.067051,42.554140,95.256107,20.196499,167.081288
9.848596,0.074087,41.046089,91.176992,20.568942,162.715868
11.468373,0.076738,38.239998,92.912521,18.394611,161.093651
9.141808,0.078252,36.321549,93.132667,19.039399,157.714488
12.709157,0.091719,44.454239,95.344549,20.197885,172.798572
9.332791,0.077853,34.029115,91.117317,21.788890,156.346692
20.555366,0.075719,36.329900,89.872163,17.887370,164.721561
9.073814,0.058805,34.951314,89.563933,19.060766,152.709990
9.193752,0.052915,32.739734,91.382864,22.386829,155.756857
9.195738,0.064377,32.880614,89.603597,19.357303,151.102544
9.189816,0.066776,33.354522,89.637323,18.800963,151.050491
9.039672,0.064820,35.004477,91.111498,19.576149,154.797368
8.857218,0.062994,34.890357,92.178745,19.701605,155.691566
9.790820,0.072144,36.973861,93.451071,20.688857,160.979508
9.426218,0.092929,40.804208,103.933199,20.669144,174.926856
13.206201,0.082394,42.556047,101.262974,21.463754,178.572171
10.430315,0.064890,41.549708,96.429144,21.644547,170.119570
10.232158,0.065370,40.439242,97.578058,23.122854,171.439044
15.219012,0.095985,51.359859,105.193666,25.611839,197.482745
10.575605,0.077291,41.128212,99.450861,22.173133,173.406122
10.258643,0.074114,45.293330,106.402822,26.840190,188.870519
10.393673,0.068996,40.507317,99.070608,23.046464,173.088083
10.204018,0.065145,45.963307,103.954226,23.954643,184.142378
10.508279,0.060871,49.308717,104.931427,22.704298,187.514889
10.158485,0.070271,42.171855,101.574128,23.262808,177.238498
14.077971,0.087928,43.873322,102.416862,28.531945,188.989158
10.857240,0.090684,44.915439,112.412986,22.237582,190.514909
10.433148,0.079867,46.137374,101.328647,26.660653,184.640729
9.934587,0.074343,45.593561,108.829215,26.217756,190.650508
9.844776,0.084015,40.238715,101.961580,23.426449,175.556567
10.649692,0.091110,37.508737,101.216586,24.029176,173.496088
10.020052,0.073239,42.476144,100.147669,24.458907,177.177475
9.545223,0.073439,41.275929,103.134478,23.599265,177.629489
9.534389,0.073001,39.513713,99.336791,27.848609,176.307719
9.356845,0.070420,39.763773,100.229634,18.594344,168.015994
9.528563,0.077670,41.855009,106.507402,19.347253,177.316734
10.071991,0.084964,43.366830,103.970969,17.368355,174.864782
10.390170,0.083411,37.783865,101.449007,23.684823,173.392776
13.473219,0.078655,45.575017,110.348196,23.011898,192.488176
10.265913,0.070912,38.816594,101.329752,25.005221,175.489842
10.640787,0.067864,41.644727,109.384518,27.859869,189.598707
10.493161,0.057668,40.382331,101.215380,24.342569,176.491932
11.230021,0.068421,44.616520,107.263196,24.495579,187.674833
11.596426,0.072145,42.100601,99.658955,28.473530,181.902564
11.899098,0.077549,46.353455,107.849437,23.850720,190.031369
11.538933,0.064385,39.538342,103.713127,24.263701,179.119476
11.515060,0.053005,40.924090,102.500262,18.675119,173.668700
12.661827,0.073932,46.361035,110.315502,32.956715,202.369802
15.248012,0.069078,44.583640,103.799880,25.870596,189.572020
11.558945,0.060960,44.962437,104.736838,21.137073,182.457531
11.693402,0.063813,47.588032,110.007868,25.405025,194.759174
12.642681,0.070833,49.289999,107.777580,22.901351,192.683418
12.493293,0.086785,47.786574,107.465727,27.747101,195.580573
12.022821,0.077156,42.448760,104.922120,25.809500,185.281420
11.243042,0.084966,43.919476,110.494291,25.646340,191.389537
10.649689,0.060357,38.814380,103.374748,20.348500,173.248935
11.008735,0.058024,39.166904,103.701486,29.493475,183.429852
11.063446,0.060461,40.742433,103.029155,18.595404,173.492100
10.768614,0.076815,38.407423,102.745967,22.979925,174.980032
10.799167,0.059820,40.966519,104.820047,26.308660,182.955917
10.985149,0.076655,42.725279,106.797511,26.540345,187.126873
10.484944,0.087894,40.123127,104.905469,26.293553,181.896048
10.663587,0.084943,39.497106,103.995414,31.865444,186.108329
10.108726,0.090244,34.850780,103.093049,24.737688,172.881541
9.811659,0.082741,35.478368,103.998278,22.582237,171.954512
12.470296,0.086677,41.832993,100.553052,22.349185,177.293231
10.322376,0.084256,36.767195,99.361549,26.204260,172.740793
15.573743,0.095445,42.242138,100.132187,22.751748,180.796233
10.490988,0.080605,37.770795,101.561521,28.849971,178.755334
10.184110,0.073959,39.332769,101.324031,29.575978,180.492565
10.391417,0.076025,38.361495,101.750903,22.187870,172.769532
9.783439,0.080178,36.595204,100.519189,22.484579,169.463898
14.079591,0.082959,41.192003,103.940827,22.898237,182.194842
9.008324,0.067471,35.341772,100.460205,27.379072,172.258371
8.721871,0.063878,33.663417,99.963121,23.673322,166.086762
10.771273,0.056734,38.200066,100.320961,25.846329,175.196723
9.452225,0.081427,39.223553,102.733628,24.418021,175.910452
9.838727,0.086374,38.970058,104.500032,25.276097,178.672826
9.962610,0.091372,40.762509,106.351387,25.416072,182.585414
11.259481,0.105383,43.490694,104.791440,24.889386,184.538144
10.773871,0.070507,43.393537,104.411126,25.222746,183.873176
10.396651,0.085016,44.327766,115.431279,25.789610,196.031742
10.272081,0.076869,39.466237,108.260162,30.432241,188.509234
9.376932,0.074793,42.939426,115.791542,29.226875,197.410898
9.507527,0.077687,38.599686,107.077692,26.153151,181.417131
13.367946,0.088750,48.048759,113.711961,28.173033,203.391973
11.840079,0.070156,39.640937,108.821933,32.170164,192.544574
13.156927,0.088738,40.131570,106.811386,28.550416,188.740143
9.188135,0.081148,40.433803,112.292238,30.895256,192.892190
8.133880,0.084101,33.289718,105.004619,24.832398,171.346551
7.334294,0.076284,30.570480,103.140784,19.587263,160.710057
6.563298,0.061883,29.640410,100.087778,21.714115,158.068975
7.207008,0.051721,35.232574,102.119820,18.746694,163.359060
10.108154,0.085624,36.130075,103.244945,19.069072,168.639142
7.574385,0.075914,31.798899,108.297426,28.213210,175.961303
11.020767,0.083688,43.894012,111.004321,18.988650,184.992761
8.198978,0.076622,32.131823,103.822506,20.352487,164.583489
11.165164,0.078274,41.479032,115.521314,28.268368,196.513526
8.422487,0.066560,37.661975,107.172347,20.446256,173.770993
7.643132,0.073201,33.039638,114.512891,22.219210,177.489259
7.555560,0.074614,32.083361,114.093329,15.574944,169.382984
9.356843,0.071525,31.401285,99.895002,17.248430,157.974357
7.269050,0.063336,31.325591,100.976932,15.263772,154.899745
7.653753,0.061779,37.844032,97.721890,10.837201,154.119526
8.278821,0.064699,31.064113,97.821414,11.288826,148.518935
6.600525,0.065267,29.218016,104.512521,15.910736,156.307773
7.410034,0.078896,37.524442,99.068299,15.774888,159.857465
5.712280,0.080868,27.318232,98.429259,15.983745,147.525226
5.458298,0.053099,27.017906,96.068729,5.452318,134.051547
5.846311,0.066403,25.935073,101.190293,5.161389,138.200528
5.499716,0.075794,28.245204,93.563291,6.886838,134.272458
5.971344,0.064090,29.744502,95.585740,7.187415,138.554669
7.838654,0.083849,39.231383,97.341833,5.641321,150.138237
7.838572,0.084848,29.710334,90.223536,6.006500,133.865057
7.936763,0.074203,32.195770,91.625616,9.034366,140.867538
6.407031,0.066512,31.667350,97.520116,6.050861,141.713245
6.287560,0.042190,30.520201,90.697079,7.762582,135.311120
6.005488,0.066047,29.704581,86.209035,7.845569,129.832387
6.169031,0.053978,30.211109,86.548732,7.606309,130.590681
6.193503,0.051979,31.375048,87.687427,8.731034,134.039972
6.032090,0.046084,31.102302,87.037266,6.294243,130.513215
7.625449,0.082447,32.053859,80.814475,7.108241,127.685696
5.467473,0.071296,27.354510,81.654419,7.373192,121.922351
8.490572,0.082790,37.698427,80.510838,6.761122,133.545394
5.525557,0.063386,27.266158,92.187818,8.253104,133.296953
5.433309,0.067060,27.974738,83.492925,6.507694,123.477409
7.549914,0.060587,33.452265,75.240839,8.357580,124.662278
5.533148,0.050942,27.859569,82.638309,7.311627,123.395042
7.388904,0.056101,33.380864,74.189978,7.324349,122.341833
5.826138,0.055993,28.257384,81.691682,7.702340,123.535257
5.856179,0.062616,29.053866,75.918242,7.664586,118.557011
7.494337,0.047754,32.612371,73.154073,7.388512,120.698054
5.361548,0.050396,27.896771,73.106520,6.626589,113.043453
5.423025,0.056514,28.130972,76.016684,8.156345,117.784691
5.928987,0.058552,32.291560,81.194646,6.944472,126.419774
5.366595,0.064015,28.113493,70.240457,6.976936,110.762764
26.451353,0.169196,50.333801,72.668242,12.509503,162.132852
6.289584,0.055680,30.357798,78.476443,7.047771,122.228344
9.514485,0.070831,43.787845,72.607854,7.200252,133.182682
7.202835,0.067385,34.665816,74.905379,8.733506,125.576160
10.201772,0.096628,40.739509,73.223185,8.649592,132.911907
7.037785,0.080183,33.829715,74.496769,8.161999,123.607952
6.999908,0.073056,34.618780,73.108466,12.021196,126.823368
7.056903,0.070959,35.807914,77.360762,10.906925,131.204444
7.188928,0.067875,40.436134,78.421897,8.564429,134.680543
7.544462,0.066461,38.265210,79.037204,7.752236,132.666889
8.241770,0.083342,40.734492,74.110002,11.631564,134.802134
8.511048,0.053609,43.799407,78.752539,8.197122,139.315039
8.658197,0.056748,39.523444,74.279939,12.063546,134.583075
8.225922,0.059832,37.578648,76.414137,9.887696,132.167973
8.727074,0.047454,42.200129,75.270483,10.464908,136.711438
9.065515,0.049985,41.951127,81.427871,14.336500,146.832242
8.304051,0.063957,38.627029,84.760541,9.388324,141.145678
8.734286,0.064014,40.200404,79.086057,9.540518,137.626583
9.110455,0.063532,39.357953,86.751687,12.073878,147.359188
8.464617,0.074424,43.663924,84.331180,11.226461,147.761822
8.320753,0.075870,38.404607,83.568879,10.269088,140.640631
8.364629,0.070463,39.469164,86.866924,16.907805,151.680208
9.014095,0.071068,36.819660,84.223966,12.851231,142.981881
8.985216,0.078993,37.989864,88.494729,10.708378,146.258441
9.559743,0.078904,43.092843,90.090855,15.649460,158.472888
9.114213,0.074852,36.539406,116.551387,13.509671,175.790847
8.799698,0.116521,40.275117,88.373718,13.547135,151.113313
7.949992,0.059453,37.599842,88.772404,12.040878,146.423921
8.010972,0.071794,37.706357,88.332255,15.202541,149.325287
7.715774,0.088799,56.308498,90.583917,17.318582,172.017108
7.990253,0.121997,55.860613,86.839436,12.544288,163.357615
11.518101,0.125060,59.003429,87.755021,14.896348,173.299329
8.950815,0.102574,57.364112,88.701068,13.346995,168.466886
14.192902,0.142898,71.780843,90.374667,13.657218,190.149797
9.678769,0.104907,64.160729,90.790254,16.607589,181.343785
9.733858,0.078926,71.363487,100.692878,14.734244,196.604717
9.906030,0.094157,63.997485,95.011002,14.947538,183.957654
10.087665,0.087540,67.798446,95.244428,15.332713,188.552124
10.173347,0.084854,68.353121,101.391625,19.395326,199.399862
10.248371,0.083450,66.167902,98.083286,17.033731,191.618093
10.792024,0.071483,65.694180,102.595310,15.827701,194.982067
11.150091,0.043657,65.043676,107.194504,16.933075,200.366892
11.508049,0.096610,65.193644,101.709501,26.614113,205.123499
10.960198,0.069521,66.450566,106.031645,19.022871,202.535900
11.428018,0.068124,64.365256,108.194155,19.784168,203.840604
11.193305,0.070709,67.807673,105.335842,18.292898,202.701495
11.572723,0.070455,61.863898,107.802593,20.318156,201.628795
11.216704,0.064497,61.345929,111.623113,21.418396,205.670104
10.314201,0.069014,60.288541,103.524662,26.636248,200.834018
9.611780,0.071936,59.791980,106.169901,19.789338,195.436362
9.763988,0.087834,57.416945,108.121846,24.566591,199.958815
9.333011,0.082226,53.865662,106.826093,24.168573,194.277034
9.399745,0.075000,54.791400,104.870387,17.604413,186.742294
9.220416,0.068349,59.359762,102.809194,19.039298,190.498485
9.846414,0.082914,53.836761,99.219779,19.663122,182.650127
10.447930,0.064251,59.667708,113.173359,24.110749,207.464736
12.524491,0.060246,65.360493,109.986389,25.196174,213.129043
15.994367,0.069189,73.289753,111.852483,35.851210,237.057925
12.890279,0.065549,58.385636,113.669828,26.571832,211.583868
14.134718,0.062128,63.111626,109.827411,32.276211,219.413983
13.765846,0.062162,59.206120,113.220204,25.728580,211.984053
14.091397,0.059679,63.961837,112.670077,31.212573,221.997125
13.608976,0.066160,62.901528,112.981389,27.358090,216.917130
15.507904,0.074076,62.352517,108.844184,27.490655,214.270531
14.207287,0.061563,64.275666,110.036731,28.284699,216.867279
15.169396,0.056240,58.197340,111.995083,31.557463,216.976670
15.433845,0.067576,60.290114,114.690683,28.476286,218.959763
16.718964,0.055696,55.884712,111.914955,33.319761,217.895238
15.570074,0.056142,75.118318,125.176189,33.924377,249.846757
16.371799,0.066171,61.817825,116.589893,31.246667,226.093515
54.743574,0.079824,76.505019,118.725584,38.317239,288.372733
18.907230,0.060222,61.780693,120.210667,29.819941,230.780035
21.647595,0.084894,61.124787,120.674019,30.405331,233.937935
17.895854,0.061789,63.946223,135.742633,34.351741,251.999091
17.344350,0.074671,71.338038,137.804749,30.350797,256.913875
16.274549,0.068641,63.994809,127.665889,33.228012,241.233625
15.227649,0.065186,60.332823,131.154886,30.187087,236.968767
14.305961,0.058773,61.080478,132.428046,32.362159,240.236569
14.900747,0.056865,60.444968,138.562613,30.444576,244.410973
15.137145,0.068198,59.886171,138.236190,41.858739,255.187490
15.031255,0.074036,60.771083,142.514150,39.926587,258.317873
14.684894,0.077364,60.641315,140.120916,45.365140,260.890406
13.980079,0.078460,60.320217,139.085060,43.501740,256.966804
13.439439,0.070087,58.417180,137.545652,45.856138,255.329547
12.693444,0.063340,57.683075,141.968733,58.080307,270.490478
11.989758,0.055926,56.238613,142.121554,45.691474,256.098433
10.803005,0.053527,56.893348,139.321665,33.215490,240.288097
10.841430,0.057837,53.839665,136.003464,40.907094,241.650824
8.962164,0.051134,51.467401,136.136334,32.449231,229.067442
9.685654,0.054985,51.582336,133.890895,36.046834,231.261992
9.655988,0.064050,50.479625,134.315817,29.865765,224.382393
9.758487,0.070935,54.581818,138.423494,27.788523,230.624324
9.605007,0.061629,57.030908,135.971269,31.051383,233.721354
12.211695,0.081410,58.845266,137.187831,31.571647,239.899099
11.159207,0.066516,62.115913,143.140386,27.806082,244.289203
11.499612,0.081259,60.365028,140.855441,31.095178,243.897677
23.208820,0.088882,62.359606,135.551358,33.380241,254.589848
11.061050,0.069899,57.573849,136.097461,32.319012,237.122901
11.346508,0.059931,56.233041,134.928070,31.946715,234.515418
13.679809,0.061792,58.186695,127.368347,33.651449,232.949411
11.992105,0.057231,57.135291,123.755613,34.082156,227.023516
12.017581,0.075744,62.680013,135.280372,43.336197,253.390737
11.778666,0.061893,62.777052,135.932259,43.260150,253.811002
11.618796,0.065765,60.449970,121.905698,38.190832,232.232421
12.083145,0.081449,59.680047,121.066454,33.271997,226.184450
11.576070,0.071453,60.347846,122.120558,28.115653,222.232829
10.806930,0.068546,58.197007,118.341120,38.224754,225.640050
13.099505,0.077082,58.268943,116.902546,26.208109,214.557460
11.857639,0.062325,64.659869,116.815084,46.411237,239.807478
16.161947,0.087692,62.128928,114.012777,38.956421,231.349369
11.526254,0.067737,59.662404,116.830374,29.114682,217.202665
13.590474,0.075649,57.978174,112.042921,28.017507,211.706286
11.974027,0.069666,67.725714,110.420844,34.516109,224.707609
15.416198,0.074839,69.375633,112.141353,30.483074,227.492411
11.769963,0.076873,58.893961,107.395445,38.415635,216.552905
11.718526,0.066351,60.444393,111.202443,28.908474,212.341079
11.736289,0.058537,58.119332,115.120678,36.049234,221.085573
11.708038,0.066037,56.370849,109.592576,30.118594,207.857180
11.732505,0.066576,54.573201,110.067297,32.452810,208.893514
16.147978,0.064436,59.318209,111.901850,38.815788,226.249833
12.015076,0.067506,54.888203,108.023326,32.173436,207.168814
12.004150,0.054878,55.008734,108.201184,33.953498,209.223537
11.640408,0.068545,39.132536,107.257204,39.039801,197.139765
12.324366,0.065793,42.379395,107.947206,33.238667,195.957368
11.791029,0.065564,39.923086,109.762529,33.200164,194.743767
11.190305,0.055607,37.219947,109.662618,32.468504,190.598520
11.064805,0.065737,37.820703,105.488203,31.108363,185.549703
10.726788,0.055505,39.280064,114.275928,31.209318,195.548954
9.627094,0.058477,35.991097,104.341785,32.440351,182.460590
9.093316,0.056584,41.250129,110.189191,31.919397,192.510304
9.720986,0.065321,38.885310,102.635307,32.297512,183.605931
10.612922,0.070621,43.107962,103.921162,31.377721,189.091838
10.219015,0.066414,41.539798,110.424545,32.024530,194.275658
10.043623,0.077400,38.719036,101.419604,32.290654,182.554954
9.151332,0.060263,38.611206,103.046600,30.261827,181.132543
10.208278,0.070377,37.548688,101.798144,31.571866,181.198861
30.779259,0.107324,44.489856,108.670267,31.829296,215.877105
10.799697,0.078753,40.704788,103.074096,30.807130,185.466131
9.745617,0.077687,41.337035,103.724245,29.833316,184.721501
9.159963,0.072867,37.288435,101.488037,36.266374,184.277387
12.132847,0.078748,43.781466,104.003259,28.824946,188.822809
12.643219,0.079529,44.689597,97.963465,33.924663,189.302414
13.464117,0.068694,48.767480,105.368099,35.542815,203.212149
14.478735,0.077942,53.610119,104.898270,32.793031,205.859408
15.666606,0.090287,55.760395,100.053250,31.407040,202.979002
16.071087,0.077663,58.225157,106.440888,32.302508,213.118885
48.331989,0.107704,64.927558,102.337206,37.922013,253.628218
17.778816,0.076147,62.059177,111.142131,32.266691,223.324574
19.235935,0.064705,63.776015,103.758717,39.784522,226.621380
47.210024,0.062794,64.266732,108.545886,31.368988,251.456337
17.496355,0.058073,60.960761,108.877339,39.022552,226.416638
18.963469,0.049632,72.261969,119.422760,44.976797,255.675567
18.648541,0.070138,67.856567,124.030000,42.250249,252.856501
22.989179,0.085758,60.541963,114.461572,30.427204,228.507149
22.162725,0.062605,65.134425,116.512533,30.590662,234.464492
24.470568,0.070575,60.961505,117.238620,40.029535,242.772087
23.085536,0.070439,63.767473,120.129977,41.270832,248.325534
19.814657,0.056473,62.577016,123.240446,30.866570,236.556693
21.825535,0.115196,62.581766,122.341302,34.215875,241.080690
21.937436,0.078175,63.041396,132.385408,34.046135,251.489794
22.399479,0.082182,60.650960,128.623514,40.732589,252.489701
24.432915,0.054453,64.996549,132.378592,41.652664,263.516430
23.458580,0.063343,65.573190,131.348520,45.156728,265.601242
68.077998,0.075129,63.690091,134.835853,34.681970,301.362460
24.516520,0.055946,62.157652,137.422869,47.485718,271.640169
26.568455,0.066859,69.965962,158.802948,35.789511,291.195008
54.119467,0.066026,59.928565,152.818490,50.608912,317.542427
27.495003,0.050884,60.793001,165.017437,39.380494,292.738384
28.122901,0.050036,76.183733,161.496092,50.427742,316.281683
30.058732,0.037174,79.997230,162.761751,53.308737,326.165174
27.091756,0.034459,91.977606,192.266934,47.355918,358.728061
25.277639,0.050514,92.676339,170.757251,45.778055,334.541196
25.269481,0.063243,85.853252,173.585113,42.877935,327.649915
25.317411,0.056949,86.732503,174.680940,44.469011,331.258272
25.470026,0.057514,89.049937,183.501028,53.285419,351.365252
23.733293,0.060829,81.437218,180.038796,39.535935,324.807274
21.533069,0.063010,77.668768,183.352936,37.831930,320.450755
20.347574,0.055942,74.959344,179.536901,43.445021,318.346355
22.108648,0.058929,78.032166,184.293345,41.346734,325.841350
22.148290,0.062797,74.829442,179.074612,41.558124,317.674945
24.639483,0.072500,72.825965,185.798511,49.147301,332.485039
20.318509,0.065726,74.100482,180.375259,41.468087,316.329196
20.041753,0.060560,72.898877,179.608437,43.331682,315.942295
19.846464,0.068312,67.537828,180.458031,38.158013,306.070277
19.540470,0.068993,69.662517,180.475442,43.625197,313.374050
18.521294,0.059929,66.587108,182.062508,41.752677,308.984460
18.297888,0.062133,69.532381,180.296230,44.093217,312.282686
22.047750,0.087451,68.596358,179.808298,61.340754,331.882143
17.555702,0.080844,68.392816,184.653290,39.076521,309.760234
33.438091,0.077246,68.610723,182.722151,61.954423,346.804268
19.449740,0.064255,70.508518,175.149345,36.982572,302.155470
19.212916,0.079464,72.037139,177.281456,33.088751,301.700719
19.867859,0.061956,71.500835,174.925356,45.741603,312.099294
20.222589,0.065786,69.626946,174.676956,34.302315,298.895914
20.888207,0.070172,70.982205,176.644346,38.788615,307.374232
17.801728,0.069524,62.933369,163.093989,41.229298,285.129132
18.869773,0.072894,69.950519,166.274845,53.375960,308.545169
16.770875,0.071240,64.706399,164.811168,37.158220,283.519578
17.472330,0.069044,60.724117,160.345374,41.631386,280.243262
17.718963,0.078701,62.640980,158.837146,37.276200,276.553031
17.847934,0.077433,60.700059,158.043972,39.800266,276.471177
18.571310,0.072779,65.030274,152.234540,42.329860,278.239937
17.578416,0.079790,60.949444,153.568886,42.272914,274.450893
17.630143,0.072558,56.429260,152.998700,41.856808,268.989017
18.391789,0.068615,59.923474,155.234713,43.002505,276.622482
18.943015,0.076930,62.368847,150.112323,39.958036,271.460410
18.107686,0.082363,62.995470,167.358212,43.165331,291.710248
20.519880,0.084262,61.803299,154.543940,51.981166,288.934021
46.602840,0.097663,63.807492,153.658568,42.325761,306.492848
22.957651,0.088633,62.303397,155.908442,40.574762,281.833509
21.885531,0.061894,78.642727,154.321721,54.274173,309.186734
23.109855,0.055860,78.354045,151.266496,55.092932,307.879936
22.272706,0.056757,75.955521,156.817650,65.561913,320.665065
23.585312,0.052184,78.234334,152.502818,54.618236,308.993499
24.186509,0.059980,64.832295,151.705645,43.318568,284.103705
26.829713,0.061309,109.193591,170.979434,61.359113,368.423610
27.504218,0.055285,86.028212,158.875577,57.139197,329.603260
27.863567,0.061234,87.622992,161.308927,49.343289,326.200724
28.812689,0.057936,90.753498,162.093025,57.150527,338.868524
28.467447,0.055800,110.415214,167.965268,95.990814,402.894974
27.123943,0.063637,82.481672,163.866398,46.496446,320.032653
27.121472,0.061153,85.449358,170.593635,64.298714,347.524778
26.254745,0.053640,90.777658,167.829846,49.193103,334.109567
22.654566,0.061299,81.338984,174.785661,41.966081,320.807163
22.477904,0.053574,74.687334,176.916861,53.557710,327.694113
21.819053,0.054516,74.438444,182.104299,41.706134,320.123021
30.194748,0.049469,76.892350,182.334473,58.720579,348.192324
22.465226,0.062280,72.282510,181.516251,61.929582,338.256354
21.115690,0.045038,65.717478,179.112790,39.892027,305.883688
21.765748,0.045801,70.392937,182.860429,40.580739,315.646477
22.430312,0.057174,70.793666,183.055302,70.539199,346.876606
23.594995,0.052657,72.053023,179.542484,45.311554,320.555611
31.751026,0.061902,102.345196,196.965265,53.062979,384.187098
28.916882,0.050092,92.902719,190.275608,75.836451,387.982439
28.421948,0.054603,96.674845,196.425019,52.274019,373.850923
31.707127,0.063154,95.122717,197.602903,49.870820,374.367242
29.268965,0.056189,86.171771,182.396540,74.403249,372.297444
30.315817,0.047248,87.296436,193.403635,50.329219,361.393108
32.423490,0.053964,88.147644,191.438216,63.668555,375.732936
32.719020,0.053105,92.179245,188.601887,82.241054,395.794814
32.831522,0.062811,85.454969,181.314845,56.604806,356.269699
35.345688,0.052646,91.496280,193.132067,51.695614,371.722865
36.525975,0.048496,86.888831,185.989059,53.079694,362.532859
39.267315,0.038821,87.265660,194.569867,52.019184,373.161563
37.589865,0.050130,92.236362,191.888335,63.428260,385.193678
41.344304,0.049062,97.169890,186.282500,70.441729,395.288249
37.909248,0.040137,91.843703,188.552779,68.323656,386.670298
35.868652,0.040485,89.726179,192.727145,50.229589,368.592488
36.155500,0.046923,90.636240,191.618379,64.442461,382.900264
36.173624,0.048527,87.246487,191.704669,63.933982,379.107978
65.083641,0.039008,94.405053,197.820206,83.769067,441.117661
38.672376,0.046854,90.003282,203.604955,54.623686,386.951872
31.477364,0.052181,76.214143,192.254247,57.763191,357.761922
32.766973,0.045898,78.787648,190.513457,54.701871,356.816236
33.556320,0.043598,78.767466,204.444010,55.048283,371.860329
33.743041,0.066301,85.065756,212.836196,68.962759,400.674694
66.495910,0.044412,80.754631,198.687742,56.080056,402.063301
34.970706,0.059505,80.720322,196.808487,55.238639,367.798470
31.900706,0.055532,74.090498,197.180606,71.206906,374.434975
33.788933,0.057842,95.663163,197.648278,56.358865,383.517618
31.362837,0.046409,95.525902,199.146206,73.118409,399.200965
32.552416,0.043960,96.645814,203.853666,79.547689,412.644180
31.645482,0.056375,93.517694,220.496655,66.918291,412.635221
28.660999,0.057079,85.327748,208.421451,55.709605,378.177653
31.713987,0.055735,91.603854,215.100153,75.346994,413.821295
30.024975,0.060963,83.276079,206.760216,76.898193,397.020985
28.961518,0.061577,82.550686,199.810779,76.256559,387.641785
23.563172,0.050511,79.242051,200.001242,63.818474,366.676195
27.195601,0.063419,79.498389,197.298099,67.318075,371.374127
26.626973,0.061717,74.987972,205.754748,52.970800,360.402955
27.021017,0.064196,79.338513,194.356083,57.361772,358.142043
27.539413,0.048692,83.054994,195.116659,55.570148,361.330359
30.436426,0.070567,79.554759,210.241354,71.339615,391.643546
28.219715,0.067063,78.067851,193.581624,58.097303,358.034097
29.638445,0.049236,78.205325,191.200329,87.198610,386.292727
28.204601,0.044371,75.993298,181.975319,59.098252,345.316984
28.507176,0.044353,78.480134,180.934410,58.395190,346.362054
30.110814,0.070517,79.981734,181.391327,57.884387,349.439251
29.273838,0.986205,83.284140,204.462782,62.412943,380.420716
30.568100,0.074118,75.849813,185.213559,62.131209,353.837518
30.911095,0.062285,78.906966,184.617634,60.806066,355.304644
30.963471,0.075965,85.179754,182.113826,77.798020,376.131521
34.872550,0.069959,79.691592,200.743702,98.484245,413.863162
30.623687,0.078812,79.957519,181.271320,61.361580,353.293561
31.296529,0.072418,79.560755,177.334396,67.864859,356.129732
31.416396,0.074509,81.821547,177.046117,66.494472,356.853662
30.396046,0.063443,79.163587,173.271534,76.092440,358.987783
26.452826,0.065283,76.181464,173.198834,77.076160,352.975235
27.508536,0.082278,78.987729,173.208215,60.994507,340.781977
26.791495,0.081483,79.425995,172.297592,60.890810,339.488533
29.987329,0.082152,80.197067,173.805286,61.515505,345.588225
30.888549,0.065546,87.943805,176.030919,58.315342,353.245024
27.291636,0.078498,64.307108,180.960205,56.365997,329.004255
28.360527,0.088808,79.356818,184.671201,56.975369,349.453534
29.291119,0.095512,72.183170,180.294830,77.181606,359.046752
32.978867,0.084593,76.166458,180.775732,60.298201,350.304865
37.382505,0.091543,80.326184,198.126462,60.386102,376.313585
40.570570,0.094917,87.478760,184.669325,63.843104,376.657229
42.322546,0.065390,86.446007,188.309916,82.369973,399.514648
41.584623,0.079056,85.108700,170.824779,80.500285,378.098078
36.814596,0.080872,79.341439,166.854825,77.036544,360.129074
39.644353,0.075267,88.203040,168.783078,61.965165,358.671714
41.426742,0.082803,99.611026,174.451975,85.259890,400.833321
41.397003,0.077230,102.315612,169.585578,64.614597,377.990751
43.668778,0.067271,105.083779,173.910947,64.101588,386.833218
44.635615,0.065708,114.871449,177.547545,80.573035,417.694518
41.111935,0.066262,113.935028,181.037957,100.516848,436.668929
44.296363,0.066420,105.924200,186.482244,79.485076,416.255562
40.313542,0.050356,108.901592,186.511375,65.175450,400.952942
41.685588,0.048672,110.591812,192.117764,64.860673,409.305301
34.443910,0.073273,99.941376,196.579039,89.062745,420.100743
33.826868,0.074496,89.387793,195.001891,104.523246,422.815126
32.663259,0.063221,87.730153,194.235952,62.809843,377.503158
30.092729,0.070548,82.443799,208.665889,70.701686,391.975372
28.902154,0.069571,73.762063,201.091677,76.720427,380.546353
30.195714,0.060456,84.183397,197.990199,58.061482,370.491766
23.323973,0.044558,73.541921,198.791594,55.211998,350.914484
34.821378,0.045152,65.122609,203.291387,76.356042,379.637166
21.398488,0.050187,76.661661,203.206852,77.384717,378.702491
19.235821,0.074258,85.098207,225.453512,40.531611,370.393925
17.737946,0.079402,83.222442,208.853899,74.710062,384.604301
18.969776,0.070578,94.559259,214.059836,41.811677,369.471680
17.478705,0.052713,87.100819,211.759225,44.882888,361.275143
17.582403,0.045674,88.283981,222.310737,46.907768,375.131181
19.812885,0.052779,82.348972,219.562100,39.400878,361.178216
16.726107,0.050630,82.526998,228.009812,39.856308,367.170578
16.130538,0.063405,71.412306,247.344280,44.117497,379.068745
15.373514,0.058937,70.497177,231.235615,40.984354,358.150294
15.521620,0.029394,66.405202,213.866782,49.448572,345.272261
13.104218,0.040164,44.662009,214.597703,44.320508,316.725501
12.076184,0.045024,42.665013,86.405033,11.171696,152.363561
13.779022,0.023590,45.747490,193.500122,60.536161,313.586885
12.816197,0.023875,42.619383,188.273369,59.761899,303.495328
12.935631,0.014920,41.254013,175.574601,46.671953,276.451889
